-4.481514 0.184351 -0.789167
-1.693589 -0.329636 -0.934784
16.713137 -1.907164 -2.839905
-0.344187 0.051517 -0.631774
-0.246735 0.033672 -0.330008
2.417544 -0.253166 0.310397
-0.613606 0.257328 -0.894639
-0.901855 0.131831 -1.125103
2.179561 0.680781 -1.733564
-0.585007 0.158375 -0.331740
1.012497 -0.404217 0.586047
1.185524 -1.383848 -0.048108
-0.979275 -0.093182 0.556395
-0.877894 -0.091435 0.387274
0.983999 0.422345 -0.854645
-0.321033 0.013779 -0.633831
-0.228437 0.008777 -0.408621
2.261732 0.001576 0.312139
-1.434345 0.686149 0.210792
1.358559 -1.351520 1.985021
2.495920 -2.998214 -3.030586
-0.091500 -0.081522 -0.177508
-0.160042 -0.334844 -0.331301
0.248403 0.425276 0.066186
-0.748214 0.132155 -0.235122
-1.563694 -0.859456 -0.237046
0.970197 0.073336 0.114981
