0.004097 0.000634 -0.000066
0.000634 0.009736 -0.000524
-0.000066 -0.000524 0.004989
0.001209 0.000077 0.000065
0.000077 0.002787 -0.000022
0.000065 -0.000022 0.001373
0.000977 0.000066 0.000109
0.000066 0.002659 -0.000202
0.000109 -0.000202 0.001338
0.002891 -0.000038 -0.000219
-0.000038 0.003467 0.000811
-0.000219 0.000811 0.006268
0.002414 0.000029 0.000048
0.000029 0.002406 -0.000418
0.000048 -0.000418 0.004784
0.001296 -0.000007 0.000035
-0.000007 0.003082 -0.000034
0.000035 -0.000034 0.001537
0.001213 0.000014 -0.000136
0.000014 0.002808 -0.000720
-0.000136 -0.000720 0.002013
0.002626 -0.000243 -0.000340
-0.000243 0.006459 0.000336
-0.000340 0.000336 0.003139
0.006159 -0.000164 0.000051
-0.000164 0.012540 0.000020
0.000051 0.000020 0.006250
