-0.009527 0.017760 -0.219281
0.014567 -0.029478 0.042074
0.201394 -0.138816 0.002730
-3.333426 -0.048305 -1.327660
0.508692 -0.066806 0.358285
-4.426753 -0.173259 -2.455448
-0.537229 0.048760 -0.118106
-0.545363 -0.982608 0.341096
0.885658 0.353237 -0.258883
0.000294 0.057531 1.474138
-0.079369 -0.356641 -0.696252
-1.471896 -0.171654 -1.650069
-0.706385 -0.268129 0.357704
-0.325858 -0.384225 -0.227621
-1.265821 0.083204 -0.389658
0.031398 0.575925 2.654833
-0.166483 -0.254799 0.439986
-3.384558 -1.281712 -6.249902
-0.691582 -0.172923 0.395735
0.058547 0.017806 -0.048127
0.308030 0.366587 -0.616483
0.007663 0.440382 2.089299
-0.143220 -0.054712 -0.249836
-2.016525 0.582420 -0.035459
-0.358827 0.071701 -0.665326
0.032030 -0.776852 1.066885
0.417567 -2.014321 -1.668091
-1.718799 -0.034952 -0.569169
0.522362 -0.282012 0.595605
-2.421532 -1.537920 -1.126555
-4.063060 2.021707 -0.025066
1.664939 -2.874425 0.842681
0.149635 -4.741643 -3.887975
-3.891047 -0.224609 0.451609
0.608102 -0.126617 -0.041822
1.190234 0.251300 -0.258685
-0.499867 0.093988 -0.066943
-0.557218 -0.272031 -0.112516
0.255978 -0.104209 -0.159552
-0.027101 -0.001943 0.065260
0.043272 -0.016553 0.119866
-0.185960 -0.026103 -0.137416
-0.064918 0.004316 -0.056158
0.094002 -0.038015 0.148602
0.108043 -0.188197 -0.010948
-0.173236 0.003904 0.004644
-0.056702 -0.009107 0.011558
0.278088 0.083327 -0.262202
-0.231619 -0.021037 0.059455
-0.210550 -0.058514 -0.049173
-0.108851 0.024425 -0.003139
-0.000500 0.002674 -0.074267
-0.002674 -0.000500 -0.001130
0.074267 0.001130 -0.000500
-0.079558 -0.029782 0.661474
0.132632 -0.037525 0.544707
-1.259416 -0.003112 0.103012
-0.567550 0.044831 1.119629
0.494365 -0.186853 1.333608
-3.030442 -0.179545 -0.290975
-1.246484 0.001301 0.300643
-1.185169 -0.095308 0.531115
0.579582 0.558254 -1.714201
-0.853134 0.597904 -1.593081
-1.177889 0.332711 -1.608052
0.115930 0.678580 -1.688926
-6.212785 0.172424 0.095840
-8.882415 -0.991020 1.019227
5.332748 0.190128 -0.873339
-7.776229 1.278050 -1.446352
-5.224619 -2.480828 -0.841462
6.260438 -1.874353 -0.675773
-3.335013 -0.023570 -0.238609
0.098966 -0.477207 0.926627
-1.571309 -2.130228 -0.783945
-0.030064 0.379425 -1.083633
-0.281255 0.169314 -1.320708
1.617315 0.468717 -1.352822
-4.498833 0.173038 2.029308
-4.400675 -0.014722 2.315964
15.427412 -1.306606 -9.312479
-3.214382 0.198923 -0.731887
-3.042944 -1.093709 0.214632
5.156847 -2.447795 -0.734630
-6.878626 1.657384 -0.501027
-6.813082 -4.912123 -1.574593
7.079143 -1.029628 -2.171527
-0.662933 -0.019976 0.088409
0.411926 -1.202004 0.506156
-0.501525 0.249297 -0.200107
-3.634152 0.374589 3.569695
-3.925623 -0.115835 3.189397
-6.686767 -0.116618 0.990737
-3.239019 -0.168557 1.230702
-2.962921 -0.219407 1.185544
0.085606 0.449075 -0.792281
-5.212777 0.120130 1.900779
-5.552006 -0.045851 1.785638
-1.504146 0.315884 0.190408
-2.363620 -0.152746 0.275791
-0.506949 -0.459816 1.427025
-1.641890 -1.743820 -0.667500
-9.139465 -0.808226 2.552583
-6.461272 -0.772672 1.964661
-1.812489 0.295619 0.050981
-0.151886 -0.025827 0.588072
0.026619 -0.030628 0.468828
-1.224385 0.071882 0.182421
-1.909662 -0.000834 1.220003
-1.596810 -0.006790 1.054370
-0.496154 0.053948 -0.078412
-2.910024 -0.006798 0.252520
-2.323160 -0.066232 0.153034
-2.818677 0.409766 -0.187752
-2.925483 0.145099 1.892048
-4.739301 0.087377 3.631163
8.462450 -0.876489 -5.733875
0.011590 0.293238 -0.882919
-0.260035 0.177164 -0.840791
1.553253 0.686584 -1.925028
-6.776172 1.533245 -0.470538
-6.911885 -4.905884 -1.548265
7.115509 -0.931620 -2.309156
-2.217875 -0.231605 0.410784
-3.154819 -0.433155 0.890459
0.455472 -1.421878 -0.060744
-0.030862 0.090820 -0.166161
0.652765 -0.671750 -0.359815
0.256475 0.124970 -0.049833
-2.344767 -0.157532 1.210370
-1.782949 -0.413364 1.356492
-4.619789 -0.222615 -0.315690
-3.331706 0.230020 -0.732848
-3.059341 -1.162072 0.169868
5.241572 -2.486485 -0.747392
