0.032202 -0.019714 0.056677
-0.453259 -0.225489 -0.655756
-0.168360 0.622130 -0.384679
0.931429 1.120682 4.217240
-6.325019 -2.665148 -4.474534
-9.112959 -0.044323 -8.924304
-3.538276 0.000930 1.387156
-1.487895 -7.912354 -1.134500
2.853553 -1.693611 -5.133742
-42.281054 -9.973355 -31.653414
33.025240 -4.026293 20.534588
14.943005 2.116838 9.286678
1.226979 -0.360194 2.739682
-1.018746 -0.314786 -1.600075
-3.738224 1.137100 -3.474842
0.001428 -0.045912 0.016277
-0.447367 -0.224759 -0.636329
-0.116725 0.619265 -0.348453
1.095351 -0.324566 2.554055
-0.849708 -0.197330 -1.507140
-3.319929 1.176237 -3.107161
-13.557005 -11.782438 -9.832125
30.902828 -6.901122 16.510844
10.582175 6.173865 4.463092
-3.485017 0.039047 1.500715
-1.491171 -7.690036 -1.188521
2.823228 -1.762111 -5.149176
0.508617 2.590864 2.470030
-6.841195 -3.187124 -3.959222
-10.820570 -1.749291 -8.675862
