-2.536875 0.893915 0.416177
-4.908296 -2.863694 1.298380
2.416283 -4.241742 -2.602333
-5.210509 1.558263 -3.272588
0.305678 -0.177872 0.319569
5.116676 -0.273581 0.369035
-5.069664 -1.527553 1.107531
-3.845836 -1.426715 -0.155379
-6.832259 -1.638391 -1.040803
-3.701912 0.270154 0.339078
1.215857 -2.190023 0.527043
-2.705073 -1.214789 -0.445179
-3.023287 -0.597639 0.357687
0.929470 -4.972584 1.616956
2.753696 -6.688885 -5.456723
-168.476641 47.866994 11.066457
166.469494 -79.044684 2.092278
101.390162 -65.421032 -118.824571
-0.413835 0.348894 -0.749406
-0.255643 -0.367725 0.287544
2.802309 -0.796497 0.298278
-2.701127 -0.332296 0.284227
-2.636215 -1.136984 -0.042718
-1.973532 -0.679544 -0.394252
-3.132622 -0.671766 0.392269
0.845617 -4.845053 1.600567
2.824865 -6.718273 -5.557091
-1.835669 0.863894 0.311972
-2.587377 -5.109181 1.477137
1.076472 -2.229707 -3.046160
-3.567817 0.868354 0.549382
-5.425792 -3.797944 -0.096503
-3.253361 -1.206162 -0.601345
-3.986268 1.179120 1.790788
2.289903 -3.968012 -2.543598
1.092013 -3.180079 -3.720060
