-2.208923 0.426567 -0.421585
-1.424873 -1.725833 -0.773771
0.355257 1.582285 -2.342467
-1.838172 -1.287854 -0.236451
-0.428897 -4.335509 -0.824217
0.905274 -3.915307 -3.370166
-1.350522 0.370894 -1.932996
-0.678327 -0.476023 -0.542142
0.120665 0.044527 -0.571853
-0.686475 0.292105 -0.755973
-0.642284 -1.998099 0.356916
0.512610 0.640257 -1.253272
-1.790502 0.442699 -0.593249
-0.706588 -1.596592 0.596083
0.038321 0.241552 -0.680218
-0.120198 0.074835 0.031053
-0.102844 -0.115430 0.010867
-0.040458 0.070496 -0.010219
-0.062225 0.077757 0.218932
-0.103302 -0.108846 0.005524
-0.255661 0.084599 -0.016605
-0.257282 0.547260 -1.623756
0.577680 -0.968789 -0.383447
1.980080 0.014500 -0.251575
-0.964917 0.196006 -0.102126
-0.620053 -0.513233 -0.072995
-0.317227 0.191479 -0.065814
-2.070799 1.439768 -1.274715
-1.329507 -0.879921 -0.405725
-0.311226 0.752832 -0.786178
