0.000728 0.000180 -0.000061
0.000180 0.001978 0.000485
-0.000061 0.000485 0.001339
0.000113 -0.000001 0.000015
-0.000001 0.000111 0.000004
0.000015 0.000004 0.000223
0.005074 -0.001059 -0.000031
-0.001059 0.010177 -0.000172
-0.000031 -0.000172 0.005189
0.001767 0.000230 -0.000158
0.000230 0.003843 0.000203
-0.000158 0.000203 0.001800
0.002724 -0.000008 -0.000879
-0.000008 0.010096 0.001301
-0.000879 0.001301 0.005253
0.001675 -0.000349 0.000354
-0.000349 0.003677 -0.000234
0.000354 -0.000234 0.001579
0.000936 -0.000299 0.000166
-0.000299 0.001117 -0.000220
0.000166 -0.000220 0.000857
0.002711 -0.000740 -0.000094
-0.000740 0.005466 -0.000817
-0.000094 -0.000817 0.002936
0.004857 -0.001026 -0.000002
-0.001026 0.011486 -0.000654
-0.000002 -0.000654 0.005920
0.012608 0.002350 0.000343
0.002350 0.025257 -0.001158
0.000343 -0.001158 0.012553
