-0.000500 -0.178429 -0.852272
0.178429 -0.000500 0.720763
0.852272 -0.720763 -0.000500
-0.395701 -1.012753 -0.505569
0.957635 -0.002422 1.970079
2.320385 -1.843526 -2.083971
-4.220957 5.358284 -1.056695
0.300357 -2.318517 0.210833
3.448795 -3.640024 -2.317129
-1.761325 1.231535 0.250753
-1.185839 -0.000796 1.000493
-0.031176 -1.003343 -0.007345
-1.661956 0.449337 -0.192218
0.663638 -3.085230 0.841169
1.232379 -5.069182 -1.557830
-4.192588 5.447795 -1.077166
0.362684 -2.603904 0.289092
3.372845 -4.019460 -2.254242
-1.492324 0.218891 -0.185552
0.796423 -2.684360 0.937358
0.193774 -2.845133 -1.657943
-0.235019 0.532470 0.101724
-0.549509 -0.000810 0.681143
-1.011494 -0.714194 -0.882818
-1.177675 0.208671 0.112555
-1.056196 -0.153047 1.444370
-3.184134 -2.550086 -2.004153
-1.482663 0.194944 0.086344
-1.238501 -0.184186 1.289394
-3.586620 -2.521625 -2.067062
-0.183811 0.467350 -0.011069
-0.479817 -0.000712 0.660148
-0.655259 -0.682806 -0.606017
-3.526950 4.351019 -0.795746
1.075780 -4.668356 0.821300
3.521995 -6.267048 -1.613575
-1.321962 0.174556 -0.146225
0.701985 -1.967286 1.056237
-0.329241 -2.142652 -1.562479
