-3.241896 1.024944 -1.204800
-5.488039 -0.496248 0.756666
1.500275 -0.673570 0.053107
-0.858281 0.128460 -0.279388
-2.008009 -0.535264 -0.708028
2.407711 0.413032 -0.707900
-3.043459 -0.130767 -0.190670
-1.197481 -3.457453 -0.327375
-6.169241 4.758522 -3.073454
-1.172863 0.019682 -0.114759
-2.270450 -0.225098 -0.129023
-0.046987 0.089202 -0.039929
-3.781348 -0.009889 0.664674
0.271863 0.364691 -2.305396
-8.432909 2.132545 -1.023152
-16.908870 0.534201 3.432961
17.381546 -0.467909 -4.031986
35.404518 -0.813645 -7.853226
-0.218134 0.017863 0.177175
-0.884693 0.000546 -0.299737
-1.240992 0.210922 -0.081593
-0.135362 -0.663296 1.144660
1.521967 -0.351767 -1.480127
-5.050152 1.376000 -0.421302
-1.171565 0.772388 -1.163694
-3.919349 -1.024340 1.035417
4.023774 -0.501735 0.110474
-4.333306 1.781570 -1.190133
-2.651323 -1.443434 -0.047549
4.779701 -1.159083 -0.602216
-4.998448 2.365301 -2.270825
0.844793 -2.738146 2.220027
0.569590 0.584343 -0.729942
-6.876965 -0.001058 2.346096
5.929388 -0.314237 -3.586372
0.707704 0.550668 -2.559563
-1.091833 0.351696 -0.205667
-1.271018 -0.045735 -1.353337
2.103369 0.479242 -1.515527
