0.005844 0.000589 0.000045
0.000589 0.011486 0.000392
0.000045 0.000392 0.005809
0.001881 0.000417 0.000204
0.000417 0.003456 0.000593
0.000204 0.000593 0.002105
0.001132 -0.000014 -0.000136
-0.000014 0.001173 0.000192
-0.000136 0.000192 0.002236
0.002162 -0.000555 0.000088
-0.000555 0.004788 0.000162
0.000088 0.000162 0.002428
0.002614 0.000222 -0.000065
0.000222 0.004951 -0.000740
-0.000065 -0.000740 0.002833
0.000143 -0.000014 0.000024
-0.000014 0.000173 -0.000058
0.000024 -0.000058 0.000235
0.000420 -0.000018 0.000024
-0.000018 0.000549 -0.000194
0.000024 -0.000194 0.000707
0.007796 0.001034 0.000098
0.001034 0.015251 0.000561
0.000098 0.000561 0.007752
0.007876 -0.001845 0.000081
-0.001845 0.014264 -0.000272
0.000081 -0.000272 0.007373
0.001817 0.000316 0.000140
0.000316 0.003207 0.000618
0.000140 0.000618 0.002037
0.005916 0.001098 -0.000112
0.001098 0.011134 -0.000479
-0.000112 -0.000479 0.005693
0.007739 -0.001718 0.000250
-0.001718 0.014099 -0.000876
0.000250 -0.000876 0.007400
0.006865 -0.000499 0.000264
-0.000499 0.012947 -0.002430
0.000264 -0.002430 0.007958
