-1.757493 -0.945497 0.362695
1.541756 -1.860508 -1.089434
0.498558 2.231503 -3.598080
-2.525140 -2.890921 2.255759
-1.408364 -2.855022 -3.255997
-5.526019 4.409086 -9.829667
-0.731815 0.051099 -1.521822
-0.388144 -0.039334 -0.285398
0.741282 0.105532 -0.208770
-0.901901 -0.251506 -0.531736
0.984111 -0.432821 -1.810263
0.363650 1.061726 -1.682515
-1.132023 0.086682 -0.190543
-0.160147 -0.131444 -0.626280
-0.009929 0.296516 -0.210714
-0.874420 -0.236514 -0.465747
2.356239 -1.411375 -0.663061
0.816678 1.182316 -1.814000
-2.131253 -1.039512 0.355340
1.571356 -2.625514 -0.435267
0.495228 1.606146 -3.044114
-0.691385 -0.201264 -0.939320
0.079185 -0.391566 -1.603789
-0.261003 0.972571 -1.714647
-1.353624 0.090499 -0.093958
-0.007287 -0.136643 -0.663605
0.039078 0.294066 -0.256516
-0.723006 0.054246 -1.554908
-0.376453 -0.036423 -0.197193
0.875185 0.045629 -0.160368
-2.403241 -2.928113 2.324514
-1.271072 -2.848066 -3.208853
-5.248117 4.238284 -9.660770
-15.224429 5.592298 -9.496172
2.538370 -1.699681 1.099696
-13.970930 6.855231 -10.205347
