-2.390267 1.110003 -0.471317
-2.706140 -0.223494 1.203859
-1.100442 -2.723709 -1.059949
-3.320040 -0.838209 2.003199
-0.718803 -6.601828 2.113004
2.747278 -0.276669 -5.791191
-4.515378 2.117400 -0.300225
-6.302756 -4.178425 0.026558
3.779089 -4.476698 -1.343039
-1.920849 0.348397 -1.407043
3.442391 -0.597474 2.640234
1.026825 -0.763353 -0.099508
-2.617592 1.234488 -0.474698
-2.935433 -0.302132 1.160148
-1.173029 -2.802884 -1.101582
-1.866424 0.327679 -1.418291
3.409640 -0.580098 2.713762
1.045259 -0.811701 -0.118113
-4.306554 1.817007 -0.165884
-6.705114 -3.978064 -0.158071
3.836864 -3.996762 -1.472476
-3.790705 -1.448148 2.498455
-1.215688 -7.024364 2.479669
2.807541 -0.201748 -5.771806
