0.003665 0.000129 -0.000117
0.000129 0.005421 0.000669
-0.000117 0.000669 0.004750
0.000166 -0.000003 -0.000004
-0.000003 0.000178 0.000029
-0.000004 0.000029 0.000200
0.001678 0.000242 -0.000382
0.000242 0.001921 -0.000057
-0.000382 -0.000057 0.002449
0.000152 0.000008 -0.000035
0.000008 0.000201 0.000024
-0.000035 0.000024 0.000246
0.003190 0.000111 -0.000132
0.000111 0.004982 0.000603
-0.000132 0.000603 0.004332
0.000261 0.000011 -0.000055
0.000011 0.000326 0.000033
-0.000055 0.000033 0.000405
0.001558 0.000166 -0.000307
0.000166 0.001743 0.000036
-0.000307 0.000036 0.002316
0.000281 -0.000005 -0.000007
-0.000005 0.000302 0.000048
-0.000007 0.000048 0.000338
