-0.105045 -0.088391 0.123793
-0.086773 -0.073872 0.088443
-0.148259 -0.108939 -0.001931
-3.627791 -1.428053 -0.128447
2.775638 -0.266069 1.355330
0.598625 -2.282895 -1.811428
-9.577541 -2.238209 3.787571
-2.398571 -5.351664 3.078229
-5.885992 -5.487134 -1.371609
-2.216249 -0.255159 0.917090
1.695227 -1.100152 -0.974658
0.425997 -2.113358 -2.234480
-0.175063 -0.158471 0.244918
-0.134165 -0.123143 0.168285
-0.278361 -0.196317 -0.002102
-9.702224 -1.803540 3.885292
-2.477892 -5.655500 3.127251
-6.132764 -5.011614 -1.309497
-4.358683 -1.835265 0.130225
2.993310 -0.208928 1.247590
0.756498 -2.397062 -2.069049
-2.134807 -0.328818 0.169966
1.334313 -0.979285 1.203738
0.620585 -1.948226 -2.273239
