-0.618683 0.335086 0.114598
-0.562445 -0.021405 0.613357
-0.350010 -0.656647 -0.022912
-1.141574 0.846820 0.614298
-1.105864 -0.017294 0.555808
-1.332176 -0.524685 -1.628812
-4.866359 0.375496 -1.118071
-0.893513 -4.585138 -0.667995
4.042668 -2.507189 -1.046768
-1.048093 -0.218497 0.285765
0.801922 -0.286694 -0.494340
-1.279803 0.754925 -0.236626
-1.142859 0.126698 -0.691281
-0.947702 -0.692426 -1.620689
-1.738495 2.134540 -2.175910
-0.100911 -0.026662 0.569810
0.015076 -0.000834 0.102454
-0.646376 -0.106871 -0.015096
-3.746688 1.062371 0.346112
0.175092 -0.102692 0.277026
-3.092836 0.176631 -0.503978
-1.325022 0.801933 0.418199
-1.030620 -0.011340 0.613101
-1.309550 -0.772152 -1.889908
-4.643974 0.186500 -1.147871
-0.775057 -4.423796 -0.638615
3.872824 -2.109574 -0.884511
-1.022133 -0.216885 0.280147
0.824256 -0.274242 -0.442920
-1.297374 0.741951 -0.253725
-1.297154 0.100954 -0.703427
-0.861217 -0.574311 -1.649760
-2.014399 1.987985 -2.121186
-0.000500 0.943329 -1.289113
-0.943329 -0.000500 0.781875
1.289113 -0.781875 -0.000500
-0.650529 0.225937 0.174936
0.006528 -0.021284 0.167494
-0.634411 -0.085334 -0.081695
-4.890377 0.343950 -1.194240
-0.737604 -4.496710 -0.607237
4.064662 -2.413390 -0.969589
-0.958032 -0.221800 0.228426
0.803488 -0.262305 -0.383757
-1.259476 0.704399 -0.278134
-1.146524 0.071306 -0.639149
-0.643989 -0.483106 -1.652761
-1.993517 2.020662 -2.152282
-0.644595 0.390245 0.202639
-0.564015 -0.070809 0.314447
-0.512205 -0.705671 -0.558814
-0.962964 0.824891 0.774372
-1.050612 -0.078478 0.736789
-2.047329 -0.238748 -2.039358
