-0.002601 -0.019850 0.165865
0.013334 -0.005554 0.000329
-0.160349 0.008227 -0.004122
-3.667849 2.271911 0.335378
3.195091 -3.451186 3.965852
2.885201 -4.880854 -1.097919
-1.182430 0.893140 1.755827
0.215529 -1.127044 3.114438
-6.866229 -0.522738 -5.535516
-23.197176 -0.044118 1.023122
2.870363 -2.689315 4.856313
27.174899 -3.963502 -9.224551
-4.120279 -0.168322 -1.705607
-1.144795 -0.105134 0.005679
1.454636 -0.045676 -0.004322
-6.717501 0.044772 1.191292
-0.614718 -6.749119 1.462553
-6.921349 -6.125024 -7.409791
-0.000560 -0.017180 0.232797
0.015564 -0.011455 0.008264
-0.231637 0.007480 -0.006156
-4.147202 -0.172801 -1.846373
-1.147212 -0.105549 -0.000341
1.611167 -0.037096 -0.003835
-6.215393 0.018816 1.193734
-0.431002 -6.572039 1.510747
-6.593730 -6.056273 -7.334153
-3.869745 2.498659 0.359397
3.914566 -3.733650 4.153681
3.269603 -5.768202 -1.302390
-1.352940 0.907191 1.506774
-0.310342 -1.190522 2.445121
-7.020406 -0.556869 -5.720315
-23.743289 0.749748 3.165914
1.877305 -1.939363 4.757784
31.312700 -4.693155 -13.038721
