0.000278 -0.000061 -0.000007
-0.000061 0.000691 -0.000079
-0.000007 -0.000079 0.000372
0.001734 0.000603 -0.000236
0.000603 0.003531 -0.000172
-0.000236 -0.000172 0.001805
0.000641 -0.000084 -0.000032
-0.000084 0.001386 0.000360
-0.000032 0.000360 0.001030
0.001369 0.000029 -0.000001
0.000029 0.002736 0.000209
-0.000001 0.000209 0.001415
0.000227 -0.000037 -0.000027
-0.000037 0.000356 0.000098
-0.000027 0.000098 0.000286
0.000256 0.000014 -0.000032
0.000014 0.000296 -0.000082
-0.000032 -0.000082 0.000500
0.000255 -0.000073 -0.000015
-0.000073 0.000696 -0.000071
-0.000015 -0.000071 0.000368
0.000154 -0.000026 -0.000019
-0.000026 0.000237 0.000067
-0.000019 0.000067 0.000197
0.000303 0.000014 -0.000039
0.000014 0.000367 -0.000111
-0.000039 -0.000111 0.000593
0.001725 0.000593 -0.000250
0.000593 0.003512 -0.000196
-0.000250 -0.000196 0.001794
0.000599 -0.000056 -0.000019
-0.000056 0.001326 0.000281
-0.000019 0.000281 0.000864
0.001501 -0.000028 0.000002
-0.000028 0.003016 0.000250
0.000002 0.000250 0.001570
