0.008176 0.061191 -0.741665
0.014400 -0.008268 0.079832
0.738898 -0.081086 0.000008
-3.832146 -0.068509 -1.149248
0.602633 -0.085053 0.391983
-5.281726 -0.200863 -2.664783
-0.697023 0.069419 -0.174557
-0.635758 -1.089365 0.453716
1.322408 0.546800 -0.441952
-0.636267 -0.008742 0.280532
0.173315 -0.182763 0.478494
-3.293338 -0.523264 -3.429191
-3.138054 -0.178894 0.338048
0.367647 -0.129480 0.021863
1.226444 0.269044 -0.324257
-0.766151 0.215277 1.439037
0.182179 -0.201354 0.194016
-3.534994 -0.135929 -1.343167
-4.256968 2.023127 -0.070435
1.706805 -2.918784 0.851460
0.148023 -4.940401 -3.965191
0.024879 0.326575 1.587342
-0.097772 -0.046135 -0.199021
-1.558180 0.524056 -0.026573
-0.743016 -0.176171 0.389577
0.077997 0.026841 -0.085557
0.047902 0.383022 -0.724217
-0.656663 -0.306488 0.434197
-0.296233 -0.488742 -0.048994
-1.051854 0.110263 -0.401077
-0.478635 0.025140 -0.725359
0.064165 -0.784078 1.104879
0.474272 -2.084667 -1.770045
-1.630209 -0.024833 -0.557242
0.517672 -0.296584 0.592881
-2.212858 -1.581477 -1.000721
