0.001123 -0.000066 -0.000008
-0.000066 0.002976 -0.000214
-0.000008 -0.000214 0.001535
0.003417 -0.000590 -0.000493
-0.000590 0.007074 0.001321
-0.000493 0.001321 0.004294
0.001655 -0.000009 -0.000009
-0.000009 0.003398 0.000084
-0.000009 0.000084 0.001703
0.000983 0.000202 -0.000547
0.000202 0.002733 0.000215
-0.000547 0.000215 0.000640
0.002571 0.000007 0.000115
0.000007 0.002942 -0.000759
0.000115 -0.000759 0.005209
0.001184 -0.000179 0.000123
-0.000179 0.003333 0.001016
0.000123 0.001016 0.002786
0.000910 0.000087 -0.000186
0.000087 0.001067 -0.000348
-0.000186 -0.000348 0.001540
0.004301 0.000054 -0.000533
0.000054 0.004322 -0.000430
-0.000533 -0.000430 0.008443
0.001369 -0.000003 -0.000114
-0.000003 0.001350 -0.000053
-0.000114 -0.000053 0.002713
0.004062 0.000163 -0.000008
0.000163 0.008107 -0.000070
-0.000008 -0.000070 0.004044
0.001461 -0.000335 -0.000399
-0.000335 0.002689 0.000638
-0.000399 0.000638 0.001739
0.003691 -0.000021 -0.000165
-0.000021 0.003697 0.000441
-0.000165 0.000441 0.007307
