-1.029739 -0.475394 0.540357
-0.712388 -0.343187 -0.158174
-1.300994 -0.280729 -0.141033
-0.860730 -0.595175 0.408732
0.947875 -0.571949 -0.687180
-2.085245 0.406652 -0.999323
-1.338417 0.772015 0.441658
-2.303135 -3.989437 -0.220042
3.654555 2.156977 -3.147436
-1.759444 -2.862666 1.392881
1.640116 -1.195588 -0.389438
-1.927081 -1.003379 -0.812520
-1.213618 0.401043 -0.005790
-1.166247 -0.121168 -0.681149
-1.360423 0.250263 -0.385157
-0.640334 -1.687443 1.122842
1.238506 -1.311319 -0.351946
-2.117790 0.647329 -1.335810
-1.730109 -0.088968 -0.694063
-1.004093 -0.173195 -0.837206
-2.083676 -0.040518 -1.115757
-1.242115 0.857092 0.427628
-2.168470 -3.720874 -0.204322
3.360002 2.279388 -2.889519
-1.060803 -0.548283 0.631288
-0.661668 -0.345680 -0.091485
-1.320741 -0.301895 -0.112578
-1.685614 -2.682996 1.347512
1.764967 -1.124062 -0.395170
-1.953961 -0.742483 -0.879268
-1.271899 0.828720 0.441343
-2.209286 -3.820664 -0.214834
3.465009 2.205533 -3.002279
-0.768158 -0.532636 0.382294
0.860729 -0.684238 -0.607779
-1.975853 0.389179 -0.947995
