-1.031253 0.050415 0.237721
-1.338425 0.035932 -0.398571
-1.856118 0.303100 -0.107974
-1.354389 0.230784 -0.225594
-3.536489 -0.189387 -0.502624
-0.677147 0.325987 -0.176805
-0.380283 -0.411844 1.137154
-0.680808 0.090922 -1.046850
-4.280258 1.326358 -0.580118
-2.230286 0.463056 0.001158
-6.806079 -0.424494 -0.589284
-4.417537 0.453914 -1.196472
-1.200743 0.213152 0.201779
-2.911228 0.119328 -1.108564
-3.365336 0.854372 -0.412411
-2.382218 0.457398 -0.379279
-1.749974 -0.697300 -0.574270
-1.873174 1.017467 -0.758845
-4.147152 -0.729949 -0.172453
-3.591701 -5.740944 -0.376218
-9.459847 4.920673 -3.889613
-2.972603 0.664406 -0.591428
-2.937393 -0.826266 -0.704895
2.369945 -0.511436 -0.815963
-1.220046 0.003887 -0.280918
-1.732891 -0.174991 -0.099615
1.046672 0.133360 -0.037280
-0.171533 0.012330 0.181586
-0.805273 0.001790 -0.294002
-1.237696 0.202672 -0.080413
-4.782234 0.381994 0.140569
2.843315 -0.804485 -0.359048
0.132011 -0.050544 -0.103395
-4.148033 1.095746 -0.589441
-3.257459 -0.484772 -0.588720
3.757434 -0.254360 -1.021054
-2.629433 1.173453 -2.434971
-5.430351 -0.274011 -0.210101
2.179901 0.194149 -1.460325
-0.997664 0.154133 -0.266073
-0.441772 -0.021243 -0.148831
0.043836 0.116778 -0.012882
-5.163299 2.169323 -1.370247
-3.425591 -0.499189 -0.663689
4.086493 -0.160267 -1.146787
-8.271756 2.648574 -0.146097
0.217490 -1.738011 -1.673737
14.032245 -2.409007 -6.300727
-1.734909 0.297162 -0.388945
-1.937128 -0.523221 -0.607758
1.282512 0.504052 -0.628062
-0.131702 -0.036112 1.192720
-0.172486 -0.083413 -0.484975
-1.448905 0.281319 -0.125558
-2.442990 -0.508863 -0.066106
-0.530119 -3.797174 -0.121667
-3.269388 4.052529 -2.599582
-2.452110 -0.279146 1.416803
-0.090534 -0.617957 -0.317308
-2.760439 0.781191 -0.316921
-11.398682 -0.871746 7.893272
-2.233190 -0.865211 0.836559
12.719037 1.495586 -9.405713
-0.300805 0.032547 0.148629
-0.428534 -0.131038 -0.292484
-0.502503 0.059172 -0.104750
-2.925274 0.668809 -0.718989
-1.888033 -1.130699 0.487740
-0.366824 0.266715 -0.341002
-5.274254 1.457677 -2.293361
-5.400491 -0.737441 3.145914
7.965168 -1.025709 -1.525476
-1.848328 -0.087614 0.093764
0.420482 -0.015491 -1.471705
-2.910771 1.725432 -1.074129
-1.993492 0.464038 -0.450078
-1.927191 -0.270053 -0.802334
-0.367300 0.452465 -0.698776
-2.354342 -0.899836 -0.049589
-1.053109 -3.181145 -0.213295
-2.879228 3.311257 -2.587041
-0.613774 -0.047090 0.245103
0.531036 -0.095973 -0.753001
0.980567 0.269401 -0.612897
-2.553710 0.588779 -0.432860
-3.170825 -0.653302 0.431486
1.016255 -0.136495 -0.033826
-1.185568 0.606888 0.117359
-2.236892 -7.449465 -0.060206
3.004076 4.141620 -2.620335
-0.884802 -0.256982 0.212804
1.215624 -0.308384 -0.794743
-0.202887 1.219292 -0.961689
-0.000500 -0.059595 -0.049417
0.059595 -0.000500 -0.393247
0.049417 0.393247 -0.000500
-0.481653 -0.497965 0.064063
1.443578 -2.190849 -0.326173
-1.579085 1.514058 -1.206213
-27.381865 -0.700946 3.811483
-1.085210 -0.029629 0.156601
4.757995 0.122904 -0.670992
-0.291609 0.094951 0.029315
-0.172737 -0.178219 -0.008458
0.177380 -0.156545 -0.326165
-0.140944 0.042456 -0.036360
-0.150674 -0.030840 -0.087748
-0.109841 0.078779 -0.097613
-0.009421 0.003899 -0.015284
0.007619 -0.004217 -0.018272
0.038412 0.003343 -0.015490
-0.087581 0.004717 0.045284
-0.057593 -0.008527 -0.024442
-0.075435 0.015288 -0.003110
-0.185204 0.032921 0.014928
-0.106384 -0.137324 -0.013219
0.014592 0.006366 -0.181204
-0.005598 -0.018206 -0.082462
0.013828 -0.001440 -0.021986
0.067369 0.015505 -0.011672
-0.571196 0.187859 0.107988
-0.388513 -0.064453 -0.114022
-0.452018 0.238688 -0.237376
-0.103905 -0.016648 0.006367
-0.010256 -0.103201 -0.003737
-0.136487 0.143085 -0.101913
-0.189425 0.070247 0.025063
-0.104758 -0.080116 0.005757
0.216138 -0.128795 -0.250799
-0.154480 0.075404 -0.074727
-0.105997 -0.125705 -0.167954
-0.281619 0.154003 -0.207597
-0.077091 0.005131 0.035099
-0.055701 -0.008847 -0.024472
-0.063465 0.015107 -0.003126
-0.002990 0.012112 -0.034530
-0.011928 -0.000503 -0.021650
0.033757 0.021679 -0.000560
-0.140643 0.052027 0.018698
-0.081298 -0.068342 0.005397
0.169902 -0.102060 -0.191925
-0.049930 0.016641 -0.037899
-0.032296 -0.001740 -0.047402
-0.042601 0.034655 -0.033275
-0.087697 -0.045799 0.007155
-0.045603 -0.066933 -0.011850
-0.023835 0.080844 -0.036861
-0.041352 0.003643 -0.000844
0.019028 -0.003645 -0.019368
0.060942 0.002692 -0.022603
-0.047907 -0.014788 0.004637
0.032138 -0.171395 -0.014121
-0.177475 0.292773 -0.248138
-0.210955 0.013673 0.092169
-0.128671 -0.016209 -0.036649
-0.115042 0.030400 -0.001121
-0.458118 0.336502 -0.225766
-0.982782 -0.228681 -1.642222
-1.094032 0.710266 -0.952095
-1.676062 -0.143546 -0.030302
-0.781580 -2.107600 -0.181567
-2.514954 1.675948 -1.576739
-1.071272 0.428716 -0.797791
-1.033423 -0.085876 -1.074373
-0.793187 0.625129 -0.591478
-0.189805 0.070962 -0.530026
0.130199 -0.053940 -0.230981
0.915118 0.026377 -0.196343
-2.435169 2.306606 0.482268
-0.569518 -0.440532 0.063617
3.436088 -2.592655 -4.034307
-0.637827 0.064045 0.334483
-0.634603 -0.128196 -0.419211
-0.802565 0.209689 -0.086445
-0.000500 0.220941 -0.585121
-0.220941 -0.000500 -0.251732
0.585121 0.251732 -0.000500
-2.329578 2.051974 0.424925
-0.473000 -0.346458 0.086754
3.488047 -2.261132 -3.938645
-1.567113 -0.222503 0.047269
-0.343915 -1.525930 -0.131767
-1.986685 2.097464 -1.510572
-2.240517 0.727736 -0.712716
-0.135091 -4.092691 -1.054813
-4.294972 2.048264 -2.806002
-2.391846 2.044454 0.392617
-0.642901 -0.285134 0.064875
2.871641 -1.931068 -3.723756
-1.807923 0.195420 -0.268804
-1.548421 -0.349352 -0.867579
-1.153996 0.897703 -1.108026
-0.568335 0.050770 0.453857
-0.578391 -0.123064 -0.403019
-0.882678 0.203793 -0.081460
-0.568527 0.050790 0.453780
-0.578537 -0.123080 -0.403055
-0.882666 0.203818 -0.081457
-2.391807 2.044462 0.392657
-0.642728 -0.285178 0.064889
2.871934 -1.931223 -3.723859
-1.807886 0.195378 -0.268779
-1.548206 -0.349276 -0.867595
-1.154105 0.897672 -1.107991
