-2.598288 -2.663906 1.986724
-1.195136 -3.092231 -3.107416
-4.460279 2.822049 -8.519733
-4.777022 2.412178 -4.139434
-0.301080 -5.388134 3.528133
-3.994224 3.158002 -4.372015
-1.766092 0.142035 -1.042758
-0.219239 -0.130734 -0.542937
0.999934 0.258433 -0.253368
-1.703861 -1.810163 1.205013
0.998748 -1.950603 -1.251920
0.160029 1.692841 -3.246899
-0.807806 0.046755 -1.292332
-0.237717 -0.078134 -0.365054
0.645486 0.142816 -0.151510
-1.810680 -0.109165 -1.538404
2.849537 -0.976392 0.610409
0.776004 1.384584 -2.721237
-1.999679 -0.017847 -1.126993
0.953011 -2.259553 0.193828
-0.464166 1.603224 -2.617838
-2.652652 -2.524492 2.064525
-1.868002 -3.349230 -3.632593
-5.187012 2.361151 -9.171229
-1.185642 -0.003281 -1.361974
2.405925 -1.655361 1.868305
0.817244 1.392218 -2.397801
-0.992674 0.170650 -0.617491
1.732991 -1.123072 0.822486
0.497071 0.030562 0.090724
-2.211270 -1.444862 0.734303
1.203522 -3.635164 0.048400
-0.030017 1.097218 -2.996206
-1.687613 0.256876 -4.339783
1.623341 -0.398930 0.996055
4.706937 -0.733364 1.250438
-1.468397 0.155259 -1.493702
-0.217176 -0.140364 -0.476762
1.299086 0.294005 -0.120978
