0.002637 -0.000049 -0.000314
-0.000049 0.002885 0.000467
-0.000314 0.000467 0.003142
0.016373 0.001836 -0.000297
0.001836 0.020231 -0.000361
-0.000297 -0.000361 0.015613
0.002702 0.001269 0.001094
0.001269 0.005253 -0.001104
0.001094 -0.001104 0.003911
0.008388 -0.000011 -0.000615
-0.000011 0.010499 0.001879
-0.000615 0.001879 0.006953
0.004640 0.000691 -0.000042
0.000691 0.004888 -0.001046
-0.000042 -0.001046 0.003635
0.010486 0.001022 -0.001447
0.001022 0.015123 -0.000645
-0.001447 -0.000645 0.010685
0.014222 0.001784 -0.000423
0.001784 0.017044 0.000693
-0.000423 0.000693 0.008162
0.002601 -0.000046 -0.000357
-0.000046 0.002772 0.000442
-0.000357 0.000442 0.003082
0.003834 0.000642 -0.001559
0.000642 0.007321 -0.000041
-0.001559 -0.000041 0.004424
0.012923 0.001092 -0.001539
0.001092 0.012468 -0.001180
-0.001539 -0.001180 0.013269
0.006764 0.000275 -0.000588
0.000275 0.008055 0.002045
-0.000588 0.002045 0.005748
0.003694 0.000755 -0.000692
0.000755 0.006623 0.000213
-0.000692 0.000213 0.004779
0.003832 0.001830 0.001530
0.001830 0.008242 -0.001815
0.001530 -0.001815 0.007010
