-0.485501 0.084251 -0.876132
-0.364898 0.054836 -0.464936
3.342536 -0.335131 0.430546
-0.945643 -0.061491 0.096894
-1.225348 -0.183165 0.114365
1.013872 0.243072 -0.126779
-1.181502 1.374307 0.713996
0.415225 -2.600274 1.118575
2.367293 -4.114219 -3.950134
-3.079293 0.052652 -0.687776
2.398921 -0.682078 1.654861
-5.063357 -1.960754 -1.914833
-2.429630 0.304380 -0.635628
-3.958673 -1.072516 0.385315
6.417211 0.201496 -0.185126
-0.306761 0.179217 -0.382872
-0.581037 -0.306869 -1.011128
0.630944 0.289573 -0.562146
-0.365473 0.015940 -0.721250
-0.261521 0.010134 -0.467427
2.568970 0.009147 0.355221
-1.975918 -0.068441 -1.664248
0.773454 -0.457838 -0.502223
5.271407 -0.750408 -2.916223
-0.308519 0.101837 -0.437796
-0.425257 0.062485 -0.525805
1.131143 0.590345 -1.569503
0.011439 0.081362 1.172635
0.383997 -0.186475 0.583206
-1.280316 -0.165408 -2.551788
