-0.640202 -0.505484 0.923145
-2.002135 -1.912846 2.732254
-1.051634 -1.068190 0.704285
-4.352005 -1.652822 0.441018
0.730533 -1.867103 2.182044
4.358603 0.730040 -4.216082
-1.880125 0.300014 1.796504
0.630917 -1.578607 -0.377356
0.485299 -2.211677 -2.208411
-8.450821 -1.224183 2.480522
-2.154106 -5.536721 2.927670
-6.361341 -4.995267 -1.077550
-5.335695 -2.442270 0.364407
5.238756 0.988974 0.371008
1.529107 -1.426183 -1.381466
-4.096950 -0.951908 0.313335
3.762981 -0.604810 0.651968
0.696471 -2.149060 -1.553606
-8.523910 -2.707323 2.593467
-2.716451 -5.020518 3.297736
-4.208123 -4.660102 -2.354612
-0.660038 -0.525674 0.925117
-1.946405 -1.830162 2.548524
-1.076311 -1.094434 0.718847
-2.366770 0.930085 3.881637
1.241114 -2.182805 -2.630233
1.209788 -2.500147 -3.732584
