0.001121 0.000094 0.000030
0.000094 0.001298 0.000204
0.000030 0.000204 0.001232
0.001245 -0.000187 -0.000004
-0.000187 0.001464 0.000065
-0.000004 0.000065 0.001176
0.001329 -0.000071 -0.000172
-0.000071 0.001615 0.000235
-0.000172 0.000235 0.001456
0.000979 -0.000064 0.000203
-0.000064 0.000959 -0.000007
0.000203 -0.000007 0.001164
0.002807 -0.000774 -0.000365
-0.000774 0.003927 0.000259
-0.000365 0.000259 0.003481
0.002312 -0.001095 -0.000053
-0.001095 0.004158 -0.000043
-0.000053 -0.000043 0.003498
0.001694 -0.000154 0.000371
-0.000154 0.001706 -0.000055
0.000371 -0.000055 0.002001
0.001676 0.000150 0.000024
0.000150 0.001939 0.000332
0.000024 0.000332 0.001850
0.002510 -0.000195 -0.000257
-0.000195 0.003383 0.000346
-0.000257 0.000346 0.002799
