-0.874722 0.170691 -0.132817
1.288445 -0.609349 1.230431
-0.729558 -0.510749 -0.213173
-1.325958 0.622060 0.299760
-3.195113 -4.119602 1.487790
1.345972 -2.963221 -3.264313
-4.376599 0.589857 1.190849
-8.260897 -3.363022 -1.143953
-4.222367 -1.511586 -0.526214
-5.554277 1.168971 0.681403
3.907017 -4.608249 -0.320883
-2.746593 -1.045412 -0.579412
-3.556121 -0.208890 0.369195
0.818360 -4.959735 1.453006
2.497342 -6.502484 -5.361466
-2.065792 0.685148 1.004974
5.011757 -3.929088 -5.383997
5.191205 -3.161778 -4.647861
-1.397220 -0.065208 -0.119350
0.832323 -0.274232 1.370373
-1.322816 -0.830555 -0.403462
-4.248300 0.913727 0.515577
-10.291450 -5.176220 -1.209767
-3.312748 -1.877843 -0.460983
-1.578676 -0.076705 -0.193805
0.273710 -0.434894 1.379450
-1.136654 -0.874498 -0.384824
-1.551287 0.856090 0.367598
-3.215768 -4.146687 1.336896
2.699174 -3.364740 -2.980305
-1.295302 0.230672 -0.168030
1.750172 -0.758095 1.579562
-1.085172 -0.620960 -0.303735
-3.351321 -0.258329 0.344802
0.784369 -4.977120 1.515730
2.338283 -6.574229 -5.215563
-0.006231 0.421341 1.695996
-0.181516 -2.509459 -4.496905
-1.354783 -2.642357 -5.079205
