-2.210025 -1.159967 -0.189614
-1.118842 -4.087773 -0.673333
0.313592 -2.316657 -3.173660
-0.141327 0.077240 -0.028514
-0.113276 -0.120017 -0.013491
-0.036664 0.073699 -0.014822
-1.155735 0.407038 -0.697734
-0.871418 -1.335181 -0.257961
0.596022 0.849128 -1.473995
-0.140631 0.126246 -0.171158
-0.131973 -0.174322 -0.083424
-0.026911 0.089756 -0.068975
-4.849098 2.845902 -0.947556
3.161224 -2.601012 -2.185876
8.925844 -1.841775 -3.464638
-2.211034 0.499604 -0.377314
-1.256074 -1.921250 -0.890939
0.781995 1.244187 -2.287976
-1.379719 0.305742 -1.402411
-0.626508 -0.418803 -0.298319
0.241974 0.011694 -0.219034
-0.271706 0.222098 -1.120983
0.876952 -3.371285 1.481448
0.097213 0.507780 -0.959585
-0.891329 0.157680 -0.573710
-0.404064 -0.529998 0.149340
1.043169 0.197776 -0.096890
-2.461098 -0.760415 1.645472
0.608692 -1.023439 0.688259
-4.893557 1.839017 -1.345705
-1.883505 1.510434 -1.621508
-1.272897 -0.714119 -0.745435
-0.547816 0.971665 -1.009686
-2.215691 -1.132921 -0.185284
-1.190066 -4.290729 -0.679034
0.374663 -2.349319 -3.176912
-0.149203 0.113416 0.008544
-0.151094 -0.164183 -0.046246
-0.157690 0.095330 -0.043117
-0.124458 0.078802 -0.072626
-0.090998 -0.113488 0.001836
0.056309 0.071427 -0.009327
-2.208159 0.394955 -0.401198
-1.376075 -1.708583 -0.794406
0.430640 1.530341 -2.295996
-0.780889 0.234386 -0.429430
-0.463301 -0.616444 0.107115
0.575268 0.089753 -0.020019
-1.343571 0.378054 -2.191092
-0.666462 -0.477614 -0.617107
0.201420 0.039290 -0.694890
-0.705288 0.353332 -0.805888
-0.597089 -2.127752 0.468723
0.493222 0.654108 -1.267584
-1.472588 0.318880 -0.377021
-0.805970 -1.436028 0.416931
0.267270 0.001631 -0.287482
