-1.711054 -0.007007 1.272667
-1.453484 -0.012326 1.119814
-1.194841 0.033793 0.108368
-0.028931 0.333539 -0.995029
-0.291175 0.210123 -0.952784
1.180016 0.696229 -1.923434
-4.049414 0.233257 2.623751
-5.269841 0.124550 3.958232
9.930633 -0.994686 -6.692069
-2.163534 0.202262 -0.629962
-2.785027 -0.965983 0.394746
4.664024 -2.390546 -0.672793
-6.139923 1.395499 -0.688329
-6.738373 -3.499003 -1.604474
4.771686 -0.996639 -1.471847
-3.338228 -0.004158 0.012410
-2.723777 -0.042750 -0.017242
-1.936256 0.330864 -0.432965
-1.461970 -0.112582 1.122848
-1.891597 -0.427121 1.268159
-0.707245 0.320193 -0.096266
-1.942932 -0.238714 0.444185
-2.857108 -0.421306 0.987048
0.667571 -1.557867 -0.077727
-0.022163 0.074109 -0.145947
0.638904 -0.659576 -0.322498
0.231073 0.100558 -0.044003
