0.002129 -0.000091 0.000021
-0.000091 0.004449 -0.000170
0.000021 -0.000170 0.002244
0.000906 -0.000021 0.000299
-0.000021 0.001164 -0.000183
0.000299 -0.000183 0.002172
0.001187 0.000274 0.000837
0.000274 0.005618 0.000719
0.000837 0.000719 0.002778
0.000511 -0.000466 -0.000184
-0.000466 0.002119 0.000425
-0.000184 0.000425 0.001425
0.001103 0.000090 -0.000301
0.000090 0.001238 -0.000307
-0.000301 -0.000307 0.002098
0.002188 0.000065 -0.000065
0.000065 0.002564 -0.000674
-0.000065 -0.000674 0.004516
0.003788 0.000145 0.000460
0.000145 0.004944 -0.001763
0.000460 -0.001763 0.007697
0.003641 -0.000025 0.000133
-0.000025 0.003774 0.000471
0.000133 0.000471 0.007400
0.010521 0.000036 0.000024
0.000036 0.021247 0.000256
0.000024 0.000256 0.010628
