1.806695 0.379879 2.973417
3.341296 -1.822339 4.582230
-3.564648 -1.197168 -3.616114
-7.682947 -0.681281 -10.338018
1.080350 0.128176 9.027793
8.057660 0.021918 2.761081
-3.186497 0.401464 -0.660921
0.053106 -2.002408 3.349975
0.422490 -1.533064 -0.814333
-8.394127 0.302374 1.249657
-1.917163 -6.752702 1.523490
-5.309654 -4.946063 -7.195746
-10.311896 -0.959083 -1.234812
3.171106 -6.601201 2.349741
6.957318 -2.182483 -1.861872
-0.848869 0.211757 -1.379980
0.352691 -0.232560 2.154632
0.844759 -0.287393 0.392555
-1.040183 0.224818 -1.730079
0.393392 -0.197619 2.100999
1.016211 -0.273746 0.599063
-10.681233 -0.137199 1.158124
-1.700063 -6.640762 1.488552
-5.051732 -4.722477 -7.389161
-8.106115 -0.721294 -11.288228
1.115907 0.148167 8.986108
8.437021 0.073700 3.231898
-6.392080 -0.290304 -0.501173
3.530454 -5.550063 3.047834
3.952750 -2.594524 -2.279760
0.022936 2.418883 3.284541
-6.624485 -1.527235 0.114636
-3.045459 -2.891988 -3.747953
1.903852 0.533532 4.101046
3.062953 -2.318123 2.004586
-7.410392 -0.935971 -7.323356
-42.400587 -1.364315 -9.734351
18.021922 -1.065583 13.681289
37.459389 -4.017037 -1.644707
