0.001007 -0.000051 -0.000027
-0.000051 0.001374 0.000167
-0.000027 0.000167 0.001224
0.000527 -0.000027 -0.000018
-0.000027 0.000644 0.000076
-0.000018 0.000076 0.000570
0.000988 0.000138 -0.000135
0.000138 0.001622 0.000062
-0.000135 0.000062 0.001168
0.000252 0.000004 -0.000010
0.000004 0.000266 -0.000023
-0.000010 -0.000023 0.000339
0.001232 -0.000026 -0.000018
-0.000026 0.001652 -0.000005
-0.000018 -0.000005 0.001207
0.000374 -0.000032 -0.000010
-0.000032 0.000574 -0.000032
-0.000010 -0.000032 0.000443
0.000544 -0.000047 -0.000016
-0.000047 0.000844 -0.000049
-0.000016 -0.000049 0.000652
0.000382 0.000010 -0.000015
0.000010 0.000408 -0.000038
-0.000015 -0.000038 0.000514
0.000396 -0.000022 -0.000016
-0.000022 0.000475 0.000059
-0.000016 0.000059 0.000432
0.000696 0.000013 -0.000075
0.000013 0.000971 -0.000053
-0.000075 -0.000053 0.000619
0.001544 0.000194 -0.000185
0.000194 0.002493 0.000143
-0.000185 0.000143 0.001820
0.000999 -0.000073 -0.000018
-0.000073 0.001484 0.000185
-0.000018 0.000185 0.001333
0.000626 -0.000006 -0.000002
-0.000006 0.000819 0.000056
-0.000002 0.000056 0.000643
