-0.037078 0.043848 -0.074865
-0.142658 -0.067230 -0.315586
0.078143 0.320014 -0.000573
-4.169918 -0.024984 1.136687
-0.882533 -7.639270 -0.750857
2.744507 -1.094401 -5.256757
-0.781886 -0.663780 1.153579
0.039793 -0.125074 -0.766467
-4.039029 -0.385642 -2.664299
-1.799833 1.689581 0.672760
-0.469672 -1.962359 -1.402611
-6.533213 -0.322556 -6.734891
-1.764809 1.605253 0.665952
-0.569405 -1.769169 -1.466165
-6.583944 -0.129784 -6.681285
-4.149897 -0.001717 1.131962
-0.812078 -7.571520 -0.709034
2.751893 -1.095794 -5.213618
-0.028734 0.072461 -0.133209
-0.149860 -0.053545 -0.346372
0.137833 0.352711 -0.000689
-0.693022 -0.725114 1.170487
0.104068 -0.139736 -0.626011
-3.620974 -0.472772 -2.168259
