-0.734874 0.124548 -0.566279
0.430417 -0.105346 0.319915
0.124466 -0.152977 -0.066950
-2.197468 0.432069 0.785943
-0.048355 -6.368093 1.716033
1.334470 -1.301247 -5.212701
-3.356366 1.597629 -0.575156
-0.064837 -2.540852 1.874102
1.521381 -4.144363 -0.513185
-0.753579 0.858289 0.200032
-0.076780 -0.203253 2.438004
0.874443 -2.995522 -0.383758
-4.384290 2.211092 -0.126109
-6.292594 -4.262417 0.171565
2.001394 -4.188429 -2.262690
-0.639734 0.130757 -0.441178
0.372485 -0.099545 0.321551
-0.015055 -0.141964 -0.081906
-2.992054 -1.546761 2.607020
-0.731700 -7.434550 2.718461
1.758270 -0.730005 -5.636473
-5.544677 2.772845 -0.915801
-5.974132 -3.958286 0.165518
2.942338 -3.967235 -1.561959
-1.820095 1.153413 -0.138710
-0.657304 -0.757252 1.911020
0.413651 -2.684827 -0.198377
