0.000088 0.000005 -0.000054
0.000005 0.000152 0.000049
-0.000054 0.000049 0.000249
0.000096 -0.000005 -0.000006
-0.000005 0.000124 0.000050
-0.000006 0.000050 0.000153
0.000116 0.000332 -0.000097
0.000332 0.001956 0.000165
-0.000097 0.000165 0.001366
0.000409 0.000008 -0.000114
0.000008 0.001214 0.000391
-0.000114 0.000391 0.001083
0.001084 0.000158 -0.000554
0.000158 0.001140 -0.000021
-0.000554 -0.000021 0.002135
0.000166 0.000000 -0.000076
0.000000 0.000240 0.000074
-0.000076 0.000074 0.000393
0.000173 -0.000009 -0.000013
-0.000009 0.000221 0.000084
-0.000013 0.000084 0.000283
0.001395 0.000246 -0.000635
0.000246 0.001525 -0.000118
-0.000635 -0.000118 0.002922
0.001437 0.000090 -0.000121
0.000090 0.003623 0.001022
-0.000121 0.001022 0.002828
